Variable
0.003627315165301466
0.0036299214715277413
0.003632528709076591
0.0036351368779480166
0.4455286904450174
0.45594543332976545
0.4663698158535966
0.4768018408104786
0.938824680605356
0.5616355573579834
0.22521937788707175
0.9296063561596006
0.2100657411897861
0.5537113764107746
0.7234537968055595
0.9206213573555562
0.5319789524804702
0.06267206699711833
0.0020400369549356573
0.10733491420156085
0.7848554988321176
0.26348759944713096
0.34897689584129343
0.5394799506941251
0.46082893547640597
0.6549485487187973
0.4133284792366105
0.21383047346669737
0.058442431994919865
0.8597345817180977
0.053900392285501766
0.5879756908807791
0.8204810106290882
0.6811536637512752
0.9736332800116545
0.315945470852752
0.7879440182763823
0.20221131211249685
0.444592670744561
0.7800975804124481
0.17220824964912992
0.0400752891041689
0.6138361071300861
0.7979050301005621
0.3186120722995196
0.9991396805267501
0.21033946620781882
0.05461467618803246
0.6847674491278676
0.7210137153607857
0.39958545071984897
0.7835065744740454
0.003275087104772724
0.8493868521644673
0.49978621047911526
0.20995522859038562
0.6986313502763544
0.8208662009895156
0.4317474534882919
0.2709528218353879
0.35939173510269806
0.32496083310104945
0.3117211858330859
0.5473645476379266
0.4195823135876946
0.020620214296793664
0.048681431006957515
0.8212485503504279
0.4456126519691258
0.03535195814229174
0.9794207885765568
0.5548779859928777
0.6770060615041321
0.49578411434580766
0.9711886537127143
0.2986125309479481
0.6682205850576146
0.21407410372703992
0.8432146426491508
0.9829704095530186
0.8311679544072449
0.9326720921940506
0.5016715850223189
0.3096088307488751
0.8547896290453103
0.22456754102584325
0.4898773699486057
0.9189282222273425
0.6745228737939721
0.8621178184925196
0.7701251617493691
0.8358460137787489
0.8155762533729786
0.6832852003552417
0.7171857528002866
0.6050071337283622
0.7935790935501359
0.8201853580866872
0.9671610551733342
0.9142539328496223
0.663552585366905
0.32065219214216445
0.26917107834907766
0.2283804925290777
0.24619083211114204
0.36417974455476726
0.37693801260410714
0.22599327621329263
0.6847733569726224
0.562927998864524
0.5020141571303895
0.6677718142363112
0.10534410975191003
0.22366091945379085
0.4664224518772319
4.75651584787132E-4
0.11460208618762069
0.686718155949711
0.7362242023163588
0.293296659036212
0.7176744303282697
0.5601023391634702
0.0022787051285983553
0.6468025556052116
0.9451482142066342
0.2788742204564038
0.2117501805591165
0.8305691354119075
0.3643283556980679
0.04774762552592327
0.07799292638804434
0.2843088099194266
0.345067767121395
0.49426056234830085
0.23266074491323008
0.5845951296317369
0.10541084413668646
0.7911591472994346
0.025119572423919836
0.20606006132720972
0.8257129345208932
0.5672227477502184
0.8778675863881911
0.22274822053627494
0.7562923253310343
0.026442574349438107
0.624392221972529
0.8893618131472552
0.2913100096822297
0.6906368866053582
0.0786104244546082
0.6343479680988695
0.685146645496202
0.3233488245510258
0.4931089479909786
0.6286521123855617
0.26415498753271766
0.4727092871781016
0.9944785591189184
0.45117807176484637
0.06776559030067436
0.15034189873856582
0.7497802864526306
0.6050122862705086
0.3040915910639295
0.6953500121344579
0.8922723279764281
0.06899611049750638
0.7255240649569425
0.424183600314047
0.5943484947059063
0.1882221885901979
0.15270806064489673
0.261123670852335
0.7227243141842653
0.31657333779920516
0.9175763502333203
0.14043395693434121
0.7281448038891633
0.7573057439910741
0.8622536486304615
0.5468342344029035
0.698844419652058
0.5818855271590341
0.5141577872047935
0.9333428120861494
0.9805531506336076
0.7149641922279094
0.47191072696443215
0.09310290827094712
0.7432902677651915
0.4650605080952218
0.5747496846945722
0.03642280075532515
0.7530081359450743
0.8441201261450164
1.184060238853125E-4
0.8745737126444344
0.9167643743179572
0.6922330799010736
